71836,6
71836,5
71836,4
71836,3
71836,2
71836,1
71836,0
71835,5
71835,4
71835,3
71835,2
71835,1
71835,0
71834,4
71834,3
71834,2
71834,1
71834,0
71833,3
71833,2
71833,1
71833,0
71832,6
71832,5
71832,4
71832,3
71832,2
71832,1
71832,0
71831,5
71831,4
71831,3
71831,2
71831,1
71831,0
0,333
71830,4
71830,3
71830,2
71830,1
71830,0
71829,3
71829,2
71829,1
71829,0
0,332
71828,3
71828,2
71828,1
71828,0
71827,3
71827,2
71827,1
71827,0
0,331
71826,3
71826,2
0,330
0,329
71826,1
71826,0
71825,3
71825,2
71825,1
71825,0
71824,3
71824,2
71824,1
71824,0
71823,3
71823,2
71823,1
71823,0
0,328
71822,3
71822,2
71822,1
71822,0
71821,3
71821,2
71821,1
71821,0
71820,3
71820,2
71820,1
71820,0
71819,4
71819,3
71819,2
71819,1
71819,0
71818,4
71818,3
71818,2
71818,1
71818,0
71817,3
71817,2
71817,1
71817,0
71816,6
71816,5
71816,4
71816,3
71816,2
71816,1
71816,0
71815,5
71815,4
71815,3
71815,2
71815,1
71815,0
0,325
71814,4
71814,3
71814,2
71814,1
71814,0
71813,3
71813,2
71813,1
71813,0
0,323
0,321
71812,6
71812,5
0,320
71812,4
71812,3
71812,2
71812,1
71812,0
71811,5
71811,4
71811,3
71811,2
71811,1
71811,0
0,319
71810,4
71810,3
71810,2
71810,1
71810,0
71809,3
71809,2
71809,1
71809,0
71808,6
0,318
71808,5
0,317
71808,4
71808,3
71808,2
71808,1
71808,0
0,316
0,315
0,314
71807,5
71807,4
71807,3
71807,2
71807,1
71807,0
71806,4
71806,3
71806,2
71806,1
71806,0
71805,3
71805,2
71805,1
71805,0
71804,3
71804,2
71804,1
71804,0
71803,3
71803,2
71803,1
71803,0
71802,3
71802,2
0,313
0,312
71802,1
71802,0
71801,3
71801,2
71801,1
71801,0
0,308
0,306
71800,3
71800,2
71800,1
71800,0
71799,3
71799,2
71799,1
71799,0
71798,3
71798,2
71798,1
71798,0
71797,3
71797,2
71797,1
71797,0
71796,3
71796,2
71796,1
71796,0
0,302
71795,4
71795,3
71795,2
71795,1
71795,0
71794,4
71794,3
71794,2
71794,1
71794,0
71793,3
71793,2
71793,1
71793,0
0,572
0,571
71792,6
71792,5
0,570
0,569
71792,4
